{
    "e_m": 9.10938356E-31,
    "e_c": 1.60217662E-19,
    "eps_0": 8.854187812813E-12,
    "c": 3E8
}